#  vehicle parameters
mass: 1.56779
inertia: {xx: 0.0347563, xy: 0.0, xz: 0.0, yy: 0.0458929, yz: 0.0, zz: 0.0977}
rotor_force_constant: 8.2e-06
front_arm_length: 0.4
back_arm_length: 0.59




